{
 "cells": [
  {
   "cell_type": "code",
   "execution_count": 1,
   "id": "98a82e25-41a3-4f3b-bdb0-e272af394b54",
   "metadata": {},
   "outputs": [],
   "source": [
    "import pandas as pd\n",
    "import numpy as np\n",
    "import seaborn as sns\n",
    "import matplotlib.pyplot as plt"
   ]
  },
  {
   "cell_type": "code",
   "execution_count": 47,
   "id": "6514d928-4687-47fc-b28e-a7fa8aee17e1",
   "metadata": {},
   "outputs": [
    {
     "data": {
      "text/html": [
       "<div>\n",
       "<style scoped>\n",
       "    .dataframe tbody tr th:only-of-type {\n",
       "        vertical-align: middle;\n",
       "    }\n",
       "\n",
       "    .dataframe tbody tr th {\n",
       "        vertical-align: top;\n",
       "    }\n",
       "\n",
       "    .dataframe thead th {\n",
       "        text-align: right;\n",
       "    }\n",
       "</style>\n",
       "<table border=\"1\" class=\"dataframe\">\n",
       "  <thead>\n",
       "    <tr style=\"text-align: right;\">\n",
       "      <th></th>\n",
       "      <th>Season</th>\n",
       "      <th>Player</th>\n",
       "      <th>MP</th>\n",
       "      <th>PTS</th>\n",
       "      <th>AST</th>\n",
       "      <th>TRB</th>\n",
       "      <th>STL</th>\n",
       "      <th>BLK</th>\n",
       "      <th>TS%</th>\n",
       "      <th>PER</th>\n",
       "      <th>WS</th>\n",
       "      <th>BPM</th>\n",
       "      <th>VORP</th>\n",
       "      <th>USG%</th>\n",
       "      <th>W/L%</th>\n",
       "      <th>Share</th>\n",
       "    </tr>\n",
       "  </thead>\n",
       "  <tbody>\n",
       "    <tr>\n",
       "      <th>0</th>\n",
       "      <td>2003</td>\n",
       "      <td>Tracy McGrady</td>\n",
       "      <td>39.4</td>\n",
       "      <td>32.1</td>\n",
       "      <td>5.5</td>\n",
       "      <td>6.5</td>\n",
       "      <td>1.7</td>\n",
       "      <td>0.8</td>\n",
       "      <td>0.564</td>\n",
       "      <td>30.3</td>\n",
       "      <td>16.1</td>\n",
       "      <td>10.5</td>\n",
       "      <td>9.3</td>\n",
       "      <td>35.2</td>\n",
       "      <td>0.512</td>\n",
       "      <td>0.359</td>\n",
       "    </tr>\n",
       "    <tr>\n",
       "      <th>1</th>\n",
       "      <td>2003</td>\n",
       "      <td>Kobe Bryant</td>\n",
       "      <td>41.5</td>\n",
       "      <td>30.0</td>\n",
       "      <td>5.9</td>\n",
       "      <td>6.9</td>\n",
       "      <td>2.2</td>\n",
       "      <td>0.8</td>\n",
       "      <td>0.550</td>\n",
       "      <td>26.2</td>\n",
       "      <td>14.9</td>\n",
       "      <td>7.1</td>\n",
       "      <td>7.7</td>\n",
       "      <td>32.9</td>\n",
       "      <td>0.610</td>\n",
       "      <td>0.417</td>\n",
       "    </tr>\n",
       "    <tr>\n",
       "      <th>2</th>\n",
       "      <td>2003</td>\n",
       "      <td>Allen Iverson</td>\n",
       "      <td>42.5</td>\n",
       "      <td>27.6</td>\n",
       "      <td>5.5</td>\n",
       "      <td>4.2</td>\n",
       "      <td>2.7</td>\n",
       "      <td>0.2</td>\n",
       "      <td>0.500</td>\n",
       "      <td>21.2</td>\n",
       "      <td>9.2</td>\n",
       "      <td>3.5</td>\n",
       "      <td>4.8</td>\n",
       "      <td>32.9</td>\n",
       "      <td>0.585</td>\n",
       "      <td>0.070</td>\n",
       "    </tr>\n",
       "    <tr>\n",
       "      <th>3</th>\n",
       "      <td>2003</td>\n",
       "      <td>Shaquille O'Neal</td>\n",
       "      <td>37.8</td>\n",
       "      <td>27.5</td>\n",
       "      <td>3.1</td>\n",
       "      <td>11.1</td>\n",
       "      <td>0.6</td>\n",
       "      <td>2.4</td>\n",
       "      <td>0.602</td>\n",
       "      <td>29.5</td>\n",
       "      <td>13.2</td>\n",
       "      <td>6.5</td>\n",
       "      <td>5.5</td>\n",
       "      <td>30.2</td>\n",
       "      <td>0.610</td>\n",
       "      <td>0.106</td>\n",
       "    </tr>\n",
       "    <tr>\n",
       "      <th>4</th>\n",
       "      <td>2003</td>\n",
       "      <td>Paul Pierce</td>\n",
       "      <td>39.2</td>\n",
       "      <td>25.9</td>\n",
       "      <td>4.4</td>\n",
       "      <td>7.3</td>\n",
       "      <td>1.8</td>\n",
       "      <td>0.8</td>\n",
       "      <td>0.532</td>\n",
       "      <td>22.7</td>\n",
       "      <td>10.1</td>\n",
       "      <td>4.9</td>\n",
       "      <td>5.4</td>\n",
       "      <td>33.2</td>\n",
       "      <td>0.537</td>\n",
       "      <td>0.001</td>\n",
       "    </tr>\n",
       "    <tr>\n",
       "      <th>...</th>\n",
       "      <td>...</td>\n",
       "      <td>...</td>\n",
       "      <td>...</td>\n",
       "      <td>...</td>\n",
       "      <td>...</td>\n",
       "      <td>...</td>\n",
       "      <td>...</td>\n",
       "      <td>...</td>\n",
       "      <td>...</td>\n",
       "      <td>...</td>\n",
       "      <td>...</td>\n",
       "      <td>...</td>\n",
       "      <td>...</td>\n",
       "      <td>...</td>\n",
       "      <td>...</td>\n",
       "      <td>...</td>\n",
       "    </tr>\n",
       "    <tr>\n",
       "      <th>11338</th>\n",
       "      <td>2025</td>\n",
       "      <td>Riley Minix</td>\n",
       "      <td>7.0</td>\n",
       "      <td>0.0</td>\n",
       "      <td>0.0</td>\n",
       "      <td>2.0</td>\n",
       "      <td>0.0</td>\n",
       "      <td>0.0</td>\n",
       "      <td>0.000</td>\n",
       "      <td>-1.7</td>\n",
       "      <td>0.0</td>\n",
       "      <td>-11.8</td>\n",
       "      <td>0.0</td>\n",
       "      <td>6.1</td>\n",
       "      <td>0.415</td>\n",
       "      <td>0.000</td>\n",
       "    </tr>\n",
       "    <tr>\n",
       "      <th>11339</th>\n",
       "      <td>2025</td>\n",
       "      <td>Jahlil Okafor</td>\n",
       "      <td>3.0</td>\n",
       "      <td>0.0</td>\n",
       "      <td>1.0</td>\n",
       "      <td>1.0</td>\n",
       "      <td>0.0</td>\n",
       "      <td>0.0</td>\n",
       "      <td>0.000</td>\n",
       "      <td>13.8</td>\n",
       "      <td>0.0</td>\n",
       "      <td>7.5</td>\n",
       "      <td>0.0</td>\n",
       "      <td>0.0</td>\n",
       "      <td>0.610</td>\n",
       "      <td>0.000</td>\n",
       "    </tr>\n",
       "    <tr>\n",
       "      <th>11340</th>\n",
       "      <td>2025</td>\n",
       "      <td>Zyon Pullin</td>\n",
       "      <td>1.0</td>\n",
       "      <td>0.0</td>\n",
       "      <td>0.0</td>\n",
       "      <td>0.0</td>\n",
       "      <td>0.0</td>\n",
       "      <td>0.0</td>\n",
       "      <td>0.000</td>\n",
       "      <td>-11.7</td>\n",
       "      <td>0.0</td>\n",
       "      <td>-22.7</td>\n",
       "      <td>0.0</td>\n",
       "      <td>13.4</td>\n",
       "      <td>0.585</td>\n",
       "      <td>0.000</td>\n",
       "    </tr>\n",
       "    <tr>\n",
       "      <th>11341</th>\n",
       "      <td>2025</td>\n",
       "      <td>Isaiah Stevens</td>\n",
       "      <td>2.0</td>\n",
       "      <td>0.0</td>\n",
       "      <td>0.0</td>\n",
       "      <td>0.7</td>\n",
       "      <td>0.3</td>\n",
       "      <td>0.0</td>\n",
       "      <td>0.000</td>\n",
       "      <td>0.1</td>\n",
       "      <td>0.0</td>\n",
       "      <td>-11.8</td>\n",
       "      <td>0.0</td>\n",
       "      <td>14.8</td>\n",
       "      <td>0.451</td>\n",
       "      <td>0.000</td>\n",
       "    </tr>\n",
       "    <tr>\n",
       "      <th>11342</th>\n",
       "      <td>2025</td>\n",
       "      <td>Terry Taylor</td>\n",
       "      <td>2.0</td>\n",
       "      <td>0.0</td>\n",
       "      <td>0.7</td>\n",
       "      <td>0.3</td>\n",
       "      <td>0.0</td>\n",
       "      <td>0.0</td>\n",
       "      <td>0.000</td>\n",
       "      <td>9.8</td>\n",
       "      <td>0.0</td>\n",
       "      <td>3.3</td>\n",
       "      <td>0.0</td>\n",
       "      <td>7.2</td>\n",
       "      <td>0.488</td>\n",
       "      <td>0.000</td>\n",
       "    </tr>\n",
       "  </tbody>\n",
       "</table>\n",
       "<p>11343 rows × 16 columns</p>\n",
       "</div>"
      ],
      "text/plain": [
       "       Season            Player    MP   PTS  AST   TRB  STL  BLK    TS%   PER  \\\n",
       "0        2003     Tracy McGrady  39.4  32.1  5.5   6.5  1.7  0.8  0.564  30.3   \n",
       "1        2003       Kobe Bryant  41.5  30.0  5.9   6.9  2.2  0.8  0.550  26.2   \n",
       "2        2003     Allen Iverson  42.5  27.6  5.5   4.2  2.7  0.2  0.500  21.2   \n",
       "3        2003  Shaquille O'Neal  37.8  27.5  3.1  11.1  0.6  2.4  0.602  29.5   \n",
       "4        2003       Paul Pierce  39.2  25.9  4.4   7.3  1.8  0.8  0.532  22.7   \n",
       "...       ...               ...   ...   ...  ...   ...  ...  ...    ...   ...   \n",
       "11338    2025       Riley Minix   7.0   0.0  0.0   2.0  0.0  0.0  0.000  -1.7   \n",
       "11339    2025     Jahlil Okafor   3.0   0.0  1.0   1.0  0.0  0.0  0.000  13.8   \n",
       "11340    2025       Zyon Pullin   1.0   0.0  0.0   0.0  0.0  0.0  0.000 -11.7   \n",
       "11341    2025    Isaiah Stevens   2.0   0.0  0.0   0.7  0.3  0.0  0.000   0.1   \n",
       "11342    2025      Terry Taylor   2.0   0.0  0.7   0.3  0.0  0.0  0.000   9.8   \n",
       "\n",
       "         WS   BPM  VORP  USG%   W/L%  Share  \n",
       "0      16.1  10.5   9.3  35.2  0.512  0.359  \n",
       "1      14.9   7.1   7.7  32.9  0.610  0.417  \n",
       "2       9.2   3.5   4.8  32.9  0.585  0.070  \n",
       "3      13.2   6.5   5.5  30.2  0.610  0.106  \n",
       "4      10.1   4.9   5.4  33.2  0.537  0.001  \n",
       "...     ...   ...   ...   ...    ...    ...  \n",
       "11338   0.0 -11.8   0.0   6.1  0.415  0.000  \n",
       "11339   0.0   7.5   0.0   0.0  0.610  0.000  \n",
       "11340   0.0 -22.7   0.0  13.4  0.585  0.000  \n",
       "11341   0.0 -11.8   0.0  14.8  0.451  0.000  \n",
       "11342   0.0   3.3   0.0   7.2  0.488  0.000  \n",
       "\n",
       "[11343 rows x 16 columns]"
      ]
     },
     "execution_count": 47,
     "metadata": {},
     "output_type": "execute_result"
    }
   ],
   "source": [
    "df = pd.read_csv('../data/historic_nba_player_data.csv')\n",
    "df"
   ]
  },
  {
   "cell_type": "code",
   "execution_count": 48,
   "id": "359dec48-16a7-4275-b64e-8458ec16f675",
   "metadata": {},
   "outputs": [],
   "source": [
    "df_stats = df.drop(columns=['Season'])"
   ]
  },
  {
   "cell_type": "code",
   "execution_count": 49,
   "id": "512acd70-5231-4fbc-9a04-fa8c1bf8302e",
   "metadata": {},
   "outputs": [
    {
     "data": {
      "text/html": [
       "<div>\n",
       "<style scoped>\n",
       "    .dataframe tbody tr th:only-of-type {\n",
       "        vertical-align: middle;\n",
       "    }\n",
       "\n",
       "    .dataframe tbody tr th {\n",
       "        vertical-align: top;\n",
       "    }\n",
       "\n",
       "    .dataframe thead th {\n",
       "        text-align: right;\n",
       "    }\n",
       "</style>\n",
       "<table border=\"1\" class=\"dataframe\">\n",
       "  <thead>\n",
       "    <tr style=\"text-align: right;\">\n",
       "      <th></th>\n",
       "      <th>MP</th>\n",
       "      <th>PTS</th>\n",
       "      <th>AST</th>\n",
       "      <th>TRB</th>\n",
       "      <th>STL</th>\n",
       "      <th>BLK</th>\n",
       "      <th>TS%</th>\n",
       "      <th>PER</th>\n",
       "      <th>WS</th>\n",
       "      <th>BPM</th>\n",
       "      <th>VORP</th>\n",
       "      <th>USG%</th>\n",
       "      <th>W/L%</th>\n",
       "      <th>Share</th>\n",
       "    </tr>\n",
       "  </thead>\n",
       "  <tbody>\n",
       "    <tr>\n",
       "      <th>MP</th>\n",
       "      <td>1.000000</td>\n",
       "      <td>0.886108</td>\n",
       "      <td>0.683176</td>\n",
       "      <td>0.682805</td>\n",
       "      <td>0.758505</td>\n",
       "      <td>0.385753</td>\n",
       "      <td>0.342626</td>\n",
       "      <td>0.481663</td>\n",
       "      <td>0.739403</td>\n",
       "      <td>0.439248</td>\n",
       "      <td>0.618597</td>\n",
       "      <td>0.373247</td>\n",
       "      <td>-0.044161</td>\n",
       "      <td>0.150725</td>\n",
       "    </tr>\n",
       "    <tr>\n",
       "      <th>PTS</th>\n",
       "      <td>0.886108</td>\n",
       "      <td>1.000000</td>\n",
       "      <td>0.686213</td>\n",
       "      <td>0.623934</td>\n",
       "      <td>0.671856</td>\n",
       "      <td>0.330186</td>\n",
       "      <td>0.368375</td>\n",
       "      <td>0.602207</td>\n",
       "      <td>0.760564</td>\n",
       "      <td>0.481977</td>\n",
       "      <td>0.736797</td>\n",
       "      <td>0.648406</td>\n",
       "      <td>0.000371</td>\n",
       "      <td>0.274569</td>\n",
       "    </tr>\n",
       "    <tr>\n",
       "      <th>AST</th>\n",
       "      <td>0.683176</td>\n",
       "      <td>0.686213</td>\n",
       "      <td>1.000000</td>\n",
       "      <td>0.277987</td>\n",
       "      <td>0.689335</td>\n",
       "      <td>0.026225</td>\n",
       "      <td>0.171938</td>\n",
       "      <td>0.390072</td>\n",
       "      <td>0.535522</td>\n",
       "      <td>0.371987</td>\n",
       "      <td>0.602260</td>\n",
       "      <td>0.426727</td>\n",
       "      <td>0.003077</td>\n",
       "      <td>0.232123</td>\n",
       "    </tr>\n",
       "    <tr>\n",
       "      <th>TRB</th>\n",
       "      <td>0.682805</td>\n",
       "      <td>0.623934</td>\n",
       "      <td>0.277987</td>\n",
       "      <td>1.000000</td>\n",
       "      <td>0.431812</td>\n",
       "      <td>0.699736</td>\n",
       "      <td>0.326709</td>\n",
       "      <td>0.524462</td>\n",
       "      <td>0.676066</td>\n",
       "      <td>0.384591</td>\n",
       "      <td>0.548398</td>\n",
       "      <td>0.238031</td>\n",
       "      <td>-0.010143</td>\n",
       "      <td>0.175628</td>\n",
       "    </tr>\n",
       "    <tr>\n",
       "      <th>STL</th>\n",
       "      <td>0.758505</td>\n",
       "      <td>0.671856</td>\n",
       "      <td>0.689335</td>\n",
       "      <td>0.431812</td>\n",
       "      <td>1.000000</td>\n",
       "      <td>0.203744</td>\n",
       "      <td>0.214491</td>\n",
       "      <td>0.416712</td>\n",
       "      <td>0.589109</td>\n",
       "      <td>0.431291</td>\n",
       "      <td>0.595487</td>\n",
       "      <td>0.306010</td>\n",
       "      <td>-0.013720</td>\n",
       "      <td>0.168992</td>\n",
       "    </tr>\n",
       "    <tr>\n",
       "      <th>BLK</th>\n",
       "      <td>0.385753</td>\n",
       "      <td>0.330186</td>\n",
       "      <td>0.026225</td>\n",
       "      <td>0.699736</td>\n",
       "      <td>0.203744</td>\n",
       "      <td>1.000000</td>\n",
       "      <td>0.248783</td>\n",
       "      <td>0.380139</td>\n",
       "      <td>0.445047</td>\n",
       "      <td>0.282467</td>\n",
       "      <td>0.366090</td>\n",
       "      <td>0.068030</td>\n",
       "      <td>0.013483</td>\n",
       "      <td>0.107601</td>\n",
       "    </tr>\n",
       "    <tr>\n",
       "      <th>TS%</th>\n",
       "      <td>0.342626</td>\n",
       "      <td>0.368375</td>\n",
       "      <td>0.171938</td>\n",
       "      <td>0.326709</td>\n",
       "      <td>0.214491</td>\n",
       "      <td>0.248783</td>\n",
       "      <td>1.000000</td>\n",
       "      <td>0.704881</td>\n",
       "      <td>0.389056</td>\n",
       "      <td>0.636674</td>\n",
       "      <td>0.296214</td>\n",
       "      <td>0.122916</td>\n",
       "      <td>0.082186</td>\n",
       "      <td>0.072320</td>\n",
       "    </tr>\n",
       "    <tr>\n",
       "      <th>PER</th>\n",
       "      <td>0.481663</td>\n",
       "      <td>0.602207</td>\n",
       "      <td>0.390072</td>\n",
       "      <td>0.524462</td>\n",
       "      <td>0.416712</td>\n",
       "      <td>0.380139</td>\n",
       "      <td>0.704881</td>\n",
       "      <td>1.000000</td>\n",
       "      <td>0.588573</td>\n",
       "      <td>0.870380</td>\n",
       "      <td>0.566618</td>\n",
       "      <td>0.413908</td>\n",
       "      <td>0.068623</td>\n",
       "      <td>0.212815</td>\n",
       "    </tr>\n",
       "    <tr>\n",
       "      <th>WS</th>\n",
       "      <td>0.739403</td>\n",
       "      <td>0.760564</td>\n",
       "      <td>0.535522</td>\n",
       "      <td>0.676066</td>\n",
       "      <td>0.589109</td>\n",
       "      <td>0.445047</td>\n",
       "      <td>0.389056</td>\n",
       "      <td>0.588573</td>\n",
       "      <td>1.000000</td>\n",
       "      <td>0.520393</td>\n",
       "      <td>0.908575</td>\n",
       "      <td>0.333697</td>\n",
       "      <td>0.259866</td>\n",
       "      <td>0.365932</td>\n",
       "    </tr>\n",
       "    <tr>\n",
       "      <th>BPM</th>\n",
       "      <td>0.439248</td>\n",
       "      <td>0.481977</td>\n",
       "      <td>0.371987</td>\n",
       "      <td>0.384591</td>\n",
       "      <td>0.431291</td>\n",
       "      <td>0.282467</td>\n",
       "      <td>0.636674</td>\n",
       "      <td>0.870380</td>\n",
       "      <td>0.520393</td>\n",
       "      <td>1.000000</td>\n",
       "      <td>0.518584</td>\n",
       "      <td>0.193045</td>\n",
       "      <td>0.127471</td>\n",
       "      <td>0.183154</td>\n",
       "    </tr>\n",
       "    <tr>\n",
       "      <th>VORP</th>\n",
       "      <td>0.618597</td>\n",
       "      <td>0.736797</td>\n",
       "      <td>0.602260</td>\n",
       "      <td>0.548398</td>\n",
       "      <td>0.595487</td>\n",
       "      <td>0.366090</td>\n",
       "      <td>0.296214</td>\n",
       "      <td>0.566618</td>\n",
       "      <td>0.908575</td>\n",
       "      <td>0.518584</td>\n",
       "      <td>1.000000</td>\n",
       "      <td>0.423648</td>\n",
       "      <td>0.250129</td>\n",
       "      <td>0.466038</td>\n",
       "    </tr>\n",
       "    <tr>\n",
       "      <th>USG%</th>\n",
       "      <td>0.373247</td>\n",
       "      <td>0.648406</td>\n",
       "      <td>0.426727</td>\n",
       "      <td>0.238031</td>\n",
       "      <td>0.306010</td>\n",
       "      <td>0.068030</td>\n",
       "      <td>0.122916</td>\n",
       "      <td>0.413908</td>\n",
       "      <td>0.333697</td>\n",
       "      <td>0.193045</td>\n",
       "      <td>0.423648</td>\n",
       "      <td>1.000000</td>\n",
       "      <td>0.003831</td>\n",
       "      <td>0.211747</td>\n",
       "    </tr>\n",
       "    <tr>\n",
       "      <th>W/L%</th>\n",
       "      <td>-0.044161</td>\n",
       "      <td>0.000371</td>\n",
       "      <td>0.003077</td>\n",
       "      <td>-0.010143</td>\n",
       "      <td>-0.013720</td>\n",
       "      <td>0.013483</td>\n",
       "      <td>0.082186</td>\n",
       "      <td>0.068623</td>\n",
       "      <td>0.259866</td>\n",
       "      <td>0.127471</td>\n",
       "      <td>0.250129</td>\n",
       "      <td>0.003831</td>\n",
       "      <td>1.000000</td>\n",
       "      <td>0.121496</td>\n",
       "    </tr>\n",
       "    <tr>\n",
       "      <th>Share</th>\n",
       "      <td>0.150725</td>\n",
       "      <td>0.274569</td>\n",
       "      <td>0.232123</td>\n",
       "      <td>0.175628</td>\n",
       "      <td>0.168992</td>\n",
       "      <td>0.107601</td>\n",
       "      <td>0.072320</td>\n",
       "      <td>0.212815</td>\n",
       "      <td>0.365932</td>\n",
       "      <td>0.183154</td>\n",
       "      <td>0.466038</td>\n",
       "      <td>0.211747</td>\n",
       "      <td>0.121496</td>\n",
       "      <td>1.000000</td>\n",
       "    </tr>\n",
       "  </tbody>\n",
       "</table>\n",
       "</div>"
      ],
      "text/plain": [
       "             MP       PTS       AST       TRB       STL       BLK       TS%  \\\n",
       "MP     1.000000  0.886108  0.683176  0.682805  0.758505  0.385753  0.342626   \n",
       "PTS    0.886108  1.000000  0.686213  0.623934  0.671856  0.330186  0.368375   \n",
       "AST    0.683176  0.686213  1.000000  0.277987  0.689335  0.026225  0.171938   \n",
       "TRB    0.682805  0.623934  0.277987  1.000000  0.431812  0.699736  0.326709   \n",
       "STL    0.758505  0.671856  0.689335  0.431812  1.000000  0.203744  0.214491   \n",
       "BLK    0.385753  0.330186  0.026225  0.699736  0.203744  1.000000  0.248783   \n",
       "TS%    0.342626  0.368375  0.171938  0.326709  0.214491  0.248783  1.000000   \n",
       "PER    0.481663  0.602207  0.390072  0.524462  0.416712  0.380139  0.704881   \n",
       "WS     0.739403  0.760564  0.535522  0.676066  0.589109  0.445047  0.389056   \n",
       "BPM    0.439248  0.481977  0.371987  0.384591  0.431291  0.282467  0.636674   \n",
       "VORP   0.618597  0.736797  0.602260  0.548398  0.595487  0.366090  0.296214   \n",
       "USG%   0.373247  0.648406  0.426727  0.238031  0.306010  0.068030  0.122916   \n",
       "W/L%  -0.044161  0.000371  0.003077 -0.010143 -0.013720  0.013483  0.082186   \n",
       "Share  0.150725  0.274569  0.232123  0.175628  0.168992  0.107601  0.072320   \n",
       "\n",
       "            PER        WS       BPM      VORP      USG%      W/L%     Share  \n",
       "MP     0.481663  0.739403  0.439248  0.618597  0.373247 -0.044161  0.150725  \n",
       "PTS    0.602207  0.760564  0.481977  0.736797  0.648406  0.000371  0.274569  \n",
       "AST    0.390072  0.535522  0.371987  0.602260  0.426727  0.003077  0.232123  \n",
       "TRB    0.524462  0.676066  0.384591  0.548398  0.238031 -0.010143  0.175628  \n",
       "STL    0.416712  0.589109  0.431291  0.595487  0.306010 -0.013720  0.168992  \n",
       "BLK    0.380139  0.445047  0.282467  0.366090  0.068030  0.013483  0.107601  \n",
       "TS%    0.704881  0.389056  0.636674  0.296214  0.122916  0.082186  0.072320  \n",
       "PER    1.000000  0.588573  0.870380  0.566618  0.413908  0.068623  0.212815  \n",
       "WS     0.588573  1.000000  0.520393  0.908575  0.333697  0.259866  0.365932  \n",
       "BPM    0.870380  0.520393  1.000000  0.518584  0.193045  0.127471  0.183154  \n",
       "VORP   0.566618  0.908575  0.518584  1.000000  0.423648  0.250129  0.466038  \n",
       "USG%   0.413908  0.333697  0.193045  0.423648  1.000000  0.003831  0.211747  \n",
       "W/L%   0.068623  0.259866  0.127471  0.250129  0.003831  1.000000  0.121496  \n",
       "Share  0.212815  0.365932  0.183154  0.466038  0.211747  0.121496  1.000000  "
      ]
     },
     "execution_count": 49,
     "metadata": {},
     "output_type": "execute_result"
    }
   ],
   "source": [
    "df_stats.select_dtypes(include=['int64', 'float64']).corr()"
   ]
  },
  {
   "cell_type": "code",
   "execution_count": 50,
   "id": "afee57d8-a93b-4c27-ba0d-0132fea94020",
   "metadata": {},
   "outputs": [
    {
     "data": {
      "text/plain": [
       "<Axes: >"
      ]
     },
     "execution_count": 50,
     "metadata": {},
     "output_type": "execute_result"
    },
    {
     "data": {
